# G54

Mixing_Type:           anderson
Mixing_MaxDim:         6
Mixing_Variable:       potential
Mixing_StepLength:     0.005

Extra_States:          40

SCF_Outer_MaxIter:     30
SCF_Outer_Tolerance:   1e-6
SCF_Inner_MaxIter:     1
SCF_Inner_Tolerance:   1e-6
Eig_MaxIter:           10
Eig_Tolerance:         1e-20
Eig_Min_Tolerance:     1e-6
SVD_Basis_Tolerance:   1e-6

Pseudo_Type:           ONCV
XC_Type:               XC_LDA_XC_TETER93
PW_Solver:             LOBPCG

Ecut_Wavefunction:     40
Density_Grid_Factor:   2.0
LGL_Grid_Factor:       2.0

ALB_Num: 100

Atom_Types_Num:        1
Atom_Type:             6

begin Element_Size
    1, 3, 3
end Element_Size

begin Super_Cell
    15.117809626 ,    24.155491258 ,    27.892358761
end Super_Cell


begin Atom_Red:
    0.500000000 , 0.000000000 , 0.000000000   
    0.500000000 , 0.000000000 , 0.166666667   
    0.500000000 , 0.000000000 , 0.333333333   
    0.500000000 , 0.000000000 , 0.500000000   
    0.500000000 , 0.000000000 , 0.666666667   
    0.500000000 , 0.000000000 , 0.833333333   
    0.500000000 , 0.333333333 , 0.000000000   
    0.500000000 , 0.333333333 , 0.166666667   
    0.500000000 , 0.333333333 , 0.333333333   
    0.500000000 , 0.333333333 , 0.500000000   
    0.500000000 , 0.333333333 , 0.666666667   
    0.500000000 , 0.333333333 , 0.833333333   
    0.500000000 , 0.666666667 , 0.000000000   
    0.500000000 , 0.666666667 , 0.166666667   
    0.500000000 , 0.666666667 , 0.333333333   
    0.500000000 , 0.666666667 , 0.500000000   
    0.500000000 , 0.666666667 , 0.666666667   
    0.500000000 , 0.666666667 , 0.833333333   
    0.500000000 , 0.222222222 , 0.000000000   
    0.500000000 , 0.222222222 , 0.166666667   
    0.500000000 , 0.222222222 , 0.333333333   
    0.500000000 , 0.222222222 , 0.500000000   
    0.500000000 , 0.222222222 , 0.666666667   
    0.500000000 , 0.222222222 , 0.833333333   
    0.500000000 , 0.555555556 , 0.000000000   
    0.500000000 , 0.555555556 , 0.166666667   
    0.500000000 , 0.555555556 , 0.333333333   
    0.500000000 , 0.555555556 , 0.500000000   
    0.500000000 , 0.555555556 , 0.666666667   
    0.500000000 , 0.555555556 , 0.833333333   
    0.500000000 , 0.888888889 , 0.000000000   
    0.500000000 , 0.888888889 , 0.166666667   
    0.500000000 , 0.888888889 , 0.333333333   
    0.500000000 , 0.888888889 , 0.500000000   
    0.500000000 , 0.888888889 , 0.666666667   
    0.500000000 , 0.888888889 , 0.833333333   
    0.500000000 , 0.166666667 , 0.083333333   
    0.500000000 , 0.166666667 , 0.250000000   
    0.500000000 , 0.166666667 , 0.416666667   
    0.500000000 , 0.166666667 , 0.583333333   
    0.500000000 , 0.166666667 , 0.750000000   
    0.500000000 , 0.166666667 , 0.916666667   
    0.500000000 , 0.500000000 , 0.083333333   
    0.500000000 , 0.500000000 , 0.250000000   
    0.500000000 , 0.500000000 , 0.416666667   
    0.500000000 , 0.500000000 , 0.583333333   
    0.500000000 , 0.500000000 , 0.750000000   
    0.500000000 , 0.500000000 , 0.916666667   
    0.500000000 , 0.833333333 , 0.083333333   
    0.500000000 , 0.833333333 , 0.250000000   
    0.500000000 , 0.833333333 , 0.416666667   
    0.500000000 , 0.833333333 , 0.583333333   
    0.500000000 , 0.833333333 , 0.750000000   
    0.500000000 , 0.833333333 , 0.916666667   
    0.500000000 , 0.055555556 , 0.083333333   
    0.500000000 , 0.055555556 , 0.250000000   
    0.500000000 , 0.055555556 , 0.416666667   
    0.500000000 , 0.055555556 , 0.583333333   
    0.500000000 , 0.055555556 , 0.750000000   
    0.500000000 , 0.055555556 , 0.916666667   
    0.500000000 , 0.388888889 , 0.083333333   
    0.500000000 , 0.388888889 , 0.250000000   
    0.500000000 , 0.388888889 , 0.416666667   
    0.500000000 , 0.388888889 , 0.583333333   
    0.500000000 , 0.388888889 , 0.750000000   
    0.500000000 , 0.388888889 , 0.916666667   
    0.500000000 , 0.722222222 , 0.083333333   
    0.500000000 , 0.722222222 , 0.250000000   
    0.500000000 , 0.722222222 , 0.416666667   
    0.500000000 , 0.722222222 , 0.583333333   
    0.500000000 , 0.722222222 , 0.750000000   
    0.500000000 , 0.722222222 , 0.916666667   
end Atom_Red
